 0.0  0.488000 -0.484000 -0.100000  0.360000 -0.480000  0.640000 -0.480000
 1.0  0.463932 -0.434796 -0.226012  0.496123 -0.604408  0.497486 -0.375580
 2.0  0.372489 -0.381896 -0.314933  0.602452 -0.686832  0.328471 -0.239625
 3.0  0.240025 -0.333634 -0.338897  0.671404 -0.722404  0.143956 -0.081399
 4.0  0.103591 -0.295788 -0.286724  0.697764 -0.709460 -0.043957  0.088654
 5.0  0.001376 -0.270012 -0.166687  0.679103 -0.649482 -0.222756  0.259561
 6.0 -0.037129 -0.253441 -0.004430  0.616058 -0.546905 -0.380293  0.420411
 7.0  0.001129 -0.239564  0.163515  0.512427 -0.408812 -0.505622  0.560925
 8.0  0.109124 -0.220165  0.299143  0.375011 -0.244518 -0.589885  0.672022
 9.0  0.261370 -0.187847  0.372995  0.213135 -0.065012 -0.627098  0.746388
10.0  0.420607 -0.138411  0.372015  0.037889  0.117726 -0.614719  0.778990
11.0  0.547765 -0.072399  0.302960 -0.138827  0.291503 -0.553853  0.767463
12.0  0.612356  0.004689  0.190369 -0.305284  0.444683 -0.449081  0.712310
13.0  0.600396  0.083546  0.069825 -0.450785  0.566907 -0.307959  0.616904
14.0  0.517833  0.153253 -0.021505 -0.566308  0.649709 -0.140333  0.487319
15.0  0.388833  0.203932 -0.054503 -0.644936  0.687050  0.042415  0.331995
16.0  0.249536  0.229239 -0.015573 -0.682123  0.675769  0.228121  0.161261
17.0  0.138780  0.228108  0.089802 -0.675866  0.615929  0.404549 -0.013294
18.0  0.088021  0.205287  0.238360 -0.626807  0.510998  0.560111 -0.179638
19.0  0.112950  0.170461  0.395087 -0.538256  0.367756  0.684556 -0.326220
20.0  0.209195  0.136075  0.522557 -0.416065  0.195864  0.769631 -0.442938
21.0  0.353442  0.114409  0.591080 -0.268333  0.007103  0.809622 -0.521977
22.0  0.509770  0.114696  0.586745 -0.104920 -0.185626  0.801713 -0.558383
23.0  0.639336  0.141070  0.515081  0.063174 -0.369353  0.746151 -0.550314
24.0  0.710620  0.191864  0.399470  0.224509 -0.532007  0.646217 -0.498966
25.0  0.707542  0.260340  0.274966  0.367934 -0.663181  0.508047 -0.408293
26.0  0.633518  0.336570  0.179236  0.483326 -0.754695  0.340336 -0.284612
27.0  0.510585  0.409979  0.142879  0.562310 -0.800986  0.153907 -0.136167
28.0  0.373808  0.471946  0.181412  0.598942 -0.799380 -0.038897  0.027320
29.0  0.262201  0.517828  0.290971  0.590267 -0.750237 -0.225031  0.195167
30.0  0.208370  0.547906  0.449041  0.536649 -0.656949 -0.391737  0.356325
31.0  0.229691  0.566958  0.620247  0.441773 -0.525759 -0.527602  0.500051
32.0  0.323579  0.582574  0.765733  0.312299 -0.365357 -0.623515  0.616613
33.0  0.468240  0.602713  0.853466  0.157208 -0.186326 -0.673371  0.697954
34.0  0.628588  0.633236  0.866541 -0.012997 -0.000463 -0.674419  0.738234
35.0  0.765525  0.676107  0.807351 -0.187120  0.179927 -0.627290  0.734247
36.0  0.846052  0.728727  0.696744 -0.353996  0.342753 -0.535770  0.685681
37.0  0.851717  0.784549  0.568583 -0.503108  0.476870 -0.406420  0.595231
38.0  0.783425  0.834813  0.461077 -0.625106  0.572837 -0.248117  0.468549
39.0  0.661384  0.870991  0.406920 -0.712293  0.623662 -0.071505  0.313962
40.0  0.520030  0.887333  0.424683 -0.759077  0.625458  0.111627  0.141925
41.0  0.399010  0.882784  0.513804 -0.762368  0.577885  0.289073 -0.035782
42.0  0.332610  0.861697  0.654739 -0.721846  0.484236  0.448986 -0.207038
43.0  0.340590  0.833066  0.814328 -0.640051  0.351153  0.580641 -0.360391
44.0  0.423071  0.808484  0.954822 -0.522260  0.187999  0.675110 -0.485929
45.0  0.560745  0.799409  1.043945 -0.376178  0.006033  0.725796 -0.575911
46.0  0.720125  0.814438  1.063286 -0.211478 -0.182471  0.728839 -0.625120
47.0  0.862280  0.857269  1.012974 -0.039228 -0.365052  0.683392 -0.631010
48.0  0.952847  0.925768  0.911631  0.128801 -0.529805  0.591790 -0.593718
49.0  0.970933  1.012381  0.791638  0.280932 -0.666052  0.459566 -0.515995
50.0  0.914690  1.105821  0.690739  0.406469 -0.764953  0.295232 -0.403074
51.0  0.802001  1.193693  0.642025  0.496578 -0.820058  0.109763 -0.262424
52.0  0.665818  1.265429  0.664933  0.545055 -0.827731 -0.084214 -0.103368
53.0  0.545324  1.314719  0.759885  0.548816 -0.787395 -0.273461  0.063474
54.0  0.475377  1.340787  0.908138  0.508051 -0.701568 -0.445225  0.226850
55.0  0.477277  1.348171  1.076832  0.426037 -0.575679 -0.588221  0.375610
56.0  0.553319  1.345166  1.227671  0.308704 -0.417734 -0.693378  0.499427
57.0  0.686364  1.341429  1.326827  0.164089 -0.237864 -0.754324  0.589483
58.0  0.844330  1.345388  1.353582  0.001754 -0.047778 -0.767643  0.639092
59.0  0.988425  1.362109  1.305700 -0.167760  0.139898 -0.732966  0.644241
60.0  1.083184  1.392112  1.200183 -0.333499  0.312433 -0.652946  0.604007
