-0.636843 -3.186088 -7.675212
-0.174147 -3.689335 3.355776
-2.127673 4.361216 5.958333
-0.901393 -7.827332 0.814510
19.268958 11.133740 20.426179
11.485882 15.663905 5.777301
21.137868 10.227260 2.730860
26.540878 26.835606 25.182797
15.603282 26.959145 37.033209
21.906338 35.525057 59.938830
52.149962 40.653543 58.155144
47.388727 38.095399 52.900403
63.017364 71.216068 84.816285
69.962677 70.737733 90.284025
89.323018 85.322670 99.076947
97.457154 86.001419 118.990189
114.082555 122.795003 145.158895
131.840853 130.355292 171.381736
154.611009 136.919601 189.588169
166.478375 152.364400 211.724912